error_0 -> 3: 1 1 7
error_1 -> 3: 1 2 7
error_6 -> 3: 8 6 1
error_15 -> 3: 8 10 10
error_19 -> 3: 8 6 10
error_24 -> 40: 8 10 1 3 6 2 3 1 2 3 1 2 8 3 6 2 8 3 10 8 4 6 8 2 6 8 7 8 2 6 8 2 6 2 8 3 10 4 7 9
error_26 -> 24: 1 1 4 4 1 4 4 1 4 4 1 4 4 2 8 2 3 1 3 10 8 1 8 6
error_27 -> 6: 8 6 8 2 10 3
error_34 -> 3: 8 6 3
error_39 -> 4: 8 10 8 10
error_41 -> 7: 8 6 8 2 10 1 7
error_44 -> 4: 8 10 8 9
error_46 -> 41: 1 1 4 4 1 4 4 2 8 2 7 10 6 8 7 8 7 8 2 10 4 3 1 3 10 8 1 4 3 8 4 6 2 8 3 10 4 7 3 1 10
error_56 -> 4: 1 1 4 6
error_57 -> 23: 1 1 4 4 1 4 4 2 8 2 3 4 3 4 3 4 3 1 3 10 1 3 7
error_64 -> 4: 1 2 8 5
error_71 -> 4: 8 10 1 4
error_72 -> 3: 8 10 5
error_79 -> 2: 8 5
error_89 -> 2: 8 9
error_93 -> 4: 8 10 1 8
