error_11 -> 4: 19 16 13 17
error_16 -> 150: 19 16 13 19 6 11 11 7 11 16 11 11 16 19 5 11 2 11 2 2 6 19 6 6 13 18 19 6 6 13 18 19 11 12 2 17 19 6 19 5 2 11 6 19 11 16 15 12 12 2 17 19 11 12 2 17 19 6 12 5 17 12 1 2 6 15 19 15 6 18 7 19 11 16 5 16 13 19 11 12 2 17 19 6 12 5 3 13 19 11 12 2 5 6 6 13 7 13 19 11 12 2 5 11 12 2 5 11 16 15 12 12 2 17 19 11 12 2 17 19 11 12 2 17 19 6 6 13 7 13 19 6 11 11 16 12 1 2 6 15 19 15 6 18 5 17 5 12 17 20
error_20 -> 147: 19 16 13 19 6 11 11 7 11 16 11 11 16 19 5 11 2 11 2 2 6 19 6 6 13 18 19 6 6 13 18 19 11 12 2 17 19 6 19 5 2 11 6 19 11 16 15 12 12 2 17 19 11 12 2 17 19 6 12 5 17 12 1 2 6 15 19 15 6 18 7 19 11 16 5 16 13 19 11 12 2 17 19 6 12 5 3 13 19 11 12 2 5 6 6 13 7 13 19 11 12 2 5 11 12 2 5 11 16 15 12 12 2 17 19 11 12 2 17 19 11 12 2 17 19 6 6 13 7 13 19 6 11 11 16 12 1 2 6 15 15 19 11 8 4 2 12
error_25 -> 11: 19 16 13 19 6 11 11 7 11 16 1
error_28 -> 145: 19 16 13 19 6 11 11 7 11 16 11 11 16 19 5 11 2 11 2 2 6 19 6 6 13 18 19 6 6 13 18 19 11 12 2 17 19 6 19 5 2 11 6 19 11 16 15 12 12 2 17 19 11 12 2 17 19 6 12 5 17 12 1 2 6 15 19 15 6 18 7 19 11 16 5 16 13 19 11 12 2 17 19 6 12 5 3 13 19 11 12 2 5 6 6 13 7 13 19 11 12 2 5 11 12 2 5 11 16 15 12 12 2 17 19 11 12 2 17 19 11 12 2 17 19 6 6 13 7 13 19 6 19 19 7 2 19 2 19 2 19 2 19 8 4
error_38 -> 6: 19 16 13 19 11 5
error_46 -> 27: 16 13 2 3 15 16 13 17 1 8 8 13 15 8 15 4 4 10 8 18 14 4 1 11 18 15 11
error_62 -> 146: 19 16 13 19 6 11 11 7 11 16 11 11 16 19 5 11 2 11 2 2 6 19 6 6 13 18 19 6 6 13 18 19 11 12 2 17 19 6 19 5 2 11 6 19 11 16 15 12 12 2 17 19 11 12 2 17 19 6 12 5 17 12 1 2 6 15 19 15 6 18 7 19 11 16 5 16 13 19 11 12 2 17 19 6 12 5 3 13 19 11 12 2 5 6 6 13 7 13 19 11 12 2 5 11 12 2 5 11 16 15 12 12 2 17 19 11 12 2 17 19 11 12 2 17 19 6 6 13 7 13 19 6 11 11 16 12 1 2 6 15 15 19 11 4 6 11
error_70 -> 147: 19 16 13 19 6 11 11 7 11 16 11 11 16 19 5 11 2 11 2 2 6 19 6 6 13 18 19 6 6 13 18 19 11 12 2 17 19 6 19 5 2 11 6 19 11 16 15 12 12 2 17 19 11 12 2 17 19 6 12 5 17 12 1 2 6 15 19 15 6 18 7 19 11 16 5 16 13 19 11 12 2 17 19 6 12 5 3 13 19 11 12 2 5 6 6 13 7 13 19 11 12 2 5 11 12 2 5 11 16 15 12 12 2 17 19 11 12 2 17 19 11 12 2 17 19 6 6 13 7 13 19 6 11 11 16 12 1 2 6 15 15 19 11 4 16 5 16
error_76 -> 148: 19 16 13 19 6 11 11 7 11 16 11 11 16 19 5 11 2 11 2 2 6 19 6 6 13 18 19 6 6 13 18 19 11 12 2 17 19 6 19 5 2 11 6 19 11 16 15 12 12 2 17 19 11 12 2 17 19 6 12 5 17 12 1 2 6 15 19 15 6 18 7 19 11 16 5 16 13 19 11 12 2 17 19 6 12 5 3 13 19 11 12 2 5 6 6 13 7 13 19 11 12 2 5 11 12 2 5 11 16 15 12 12 2 17 19 11 12 2 17 19 11 12 2 17 19 6 6 13 7 13 19 6 11 11 16 12 1 2 6 15 15 19 11 4 16 5 10 6
error_78 -> 150: 19 16 13 19 6 11 11 7 11 16 11 11 16 19 5 11 2 11 2 2 6 19 6 6 13 18 19 6 6 13 18 19 11 12 2 17 19 6 19 5 2 11 6 19 11 16 15 12 12 2 17 19 11 12 2 17 19 6 12 5 17 12 1 2 6 15 19 15 6 18 7 19 11 16 5 16 13 19 11 12 2 17 19 6 12 5 3 13 19 11 12 2 5 6 6 13 7 13 19 11 12 2 5 11 12 2 5 11 16 15 12 12 2 17 19 11 12 2 17 19 11 12 2 17 19 6 6 13 7 13 19 6 11 11 16 12 1 2 6 15 19 15 6 18 5 6 3 2 18 17
error_81 -> 3: 19 16 15
error_83 -> 142: 19 16 13 19 6 11 11 7 11 16 11 11 16 19 5 11 2 11 2 2 6 19 6 6 13 18 19 6 6 13 18 19 11 12 2 17 19 6 19 5 2 11 6 19 11 16 15 12 12 2 17 19 11 12 2 17 19 6 12 5 17 12 1 2 6 15 19 15 6 18 7 19 11 16 5 16 13 19 11 12 2 17 19 6 12 5 3 13 19 11 12 2 5 6 6 13 7 13 19 11 12 2 5 11 12 2 5 11 16 15 12 12 2 17 19 11 12 2 17 19 11 12 2 17 19 6 6 13 7 13 19 6 11 11 16 12 17 19 12 17 19 9
error_93 -> 6: 19 16 13 19 11 6
error_96 -> 150: 19 16 13 19 6 11 11 7 11 16 11 11 16 19 5 11 2 11 2 2 6 19 6 6 13 18 19 6 6 13 18 19 11 12 2 17 19 6 19 5 2 11 6 19 11 16 15 12 12 2 17 19 11 12 2 17 19 6 12 5 17 12 1 2 6 15 19 15 6 18 7 19 11 16 5 16 13 19 11 12 2 17 19 6 12 5 3 13 19 11 12 2 5 6 6 13 7 13 19 11 12 2 5 11 12 2 5 11 16 15 12 12 2 17 19 11 12 2 17 19 11 12 2 17 19 6 6 13 7 13 19 6 11 11 16 12 1 2 6 15 19 15 6 18 5 17 5 12 5 15
error_99 -> 149: 19 16 13 19 6 11 11 7 11 16 11 11 16 19 5 11 2 11 2 2 6 19 6 6 13 18 19 6 6 13 18 19 11 12 2 17 19 6 19 5 2 11 6 19 11 16 15 12 12 2 17 19 11 12 2 17 19 6 12 5 17 12 1 2 6 15 19 15 6 18 7 19 11 16 5 16 13 19 11 12 2 17 19 6 12 5 3 13 19 11 12 2 5 6 6 13 7 13 19 11 12 2 5 11 12 2 5 11 16 15 12 12 2 17 19 11 12 2 17 19 11 12 2 17 19 6 6 13 7 13 19 6 11 11 16 12 1 2 6 15 19 15 6 18 5 6 6 6 9
