error_11 -> 4: 19 16 13 17
error_20 -> 147: 19 16 13 19 6 6 13 18 19 6 11 19 16 6 6 13 7 13 19 6 6 13 7 13 19 6 19 11 5 11 19 6 13 19 11 16 5 16 13 19 6 19 19 2 11 12 6 13 7 13 19 11 12 2 5 11 16 5 16 13 19 11 12 2 5 11 12 2 5 6 6 13 18 19 11 16 15 6 6 6 13 7 13 19 11 16 5 16 13 19 11 16 15 12 12 2 5 11 12 2 5 11 16 5 16 13 19 6 12 17 19 12 5 17 6 13 18 19 11 16 15 6 11 16 15 6 6 19 11 10 6 13 18 19 6 12 1 2 6 15 15 19 11 8 4 2 12
error_25 -> 6: 19 16 13 19 6 1
error_38 -> 16: 19 16 13 19 11 12 2 5 11 16 5 16 13 19 11 5
error_46 -> 149: 19 16 13 19 6 6 13 18 19 6 11 19 16 6 6 13 7 13 19 6 6 13 7 13 19 6 19 11 5 11 19 6 13 19 11 16 5 16 13 19 6 19 19 2 11 12 6 13 7 13 19 11 12 2 5 11 16 5 16 13 19 11 12 2 5 11 12 2 5 6 6 13 18 19 11 16 15 6 6 6 13 7 13 19 11 16 5 16 13 19 11 16 15 12 12 2 5 11 12 2 5 11 16 5 16 13 19 6 12 17 19 12 5 17 6 13 18 19 11 16 15 6 11 16 15 6 6 19 11 10 6 13 18 19 6 12 1 2 6 3 3 13 6 5 12 6 3 2 11
error_48 -> 11: 16 13 2 3 15 18 19 2 6 2 12
error_62 -> 146: 19 16 13 19 6 6 13 18 19 6 11 19 16 6 6 13 7 13 19 6 6 13 7 13 19 6 19 11 5 11 19 6 13 19 11 16 5 16 13 19 6 19 19 2 11 12 6 13 7 13 19 11 12 2 5 11 16 5 16 13 19 11 12 2 5 11 12 2 5 6 6 13 18 19 11 16 15 6 6 6 13 7 13 19 11 16 5 16 13 19 11 16 15 12 12 2 5 11 12 2 5 11 16 5 16 13 19 6 12 17 19 12 5 17 6 13 18 19 11 16 15 6 11 16 15 6 6 19 11 10 6 13 18 19 6 12 1 2 6 15 15 19 11 4 6 11
error_70 -> 147: 19 16 13 19 6 6 13 18 19 6 11 19 16 6 6 13 7 13 19 6 6 13 7 13 19 6 19 11 5 11 19 6 13 19 11 16 5 16 13 19 6 19 19 2 11 12 6 13 7 13 19 11 12 2 5 11 16 5 16 13 19 11 12 2 5 11 12 2 5 6 6 13 18 19 11 16 15 6 6 6 13 7 13 19 11 16 5 16 13 19 11 16 15 12 12 2 5 11 12 2 5 11 16 5 16 13 19 6 12 17 19 12 5 17 6 13 18 19 11 16 15 6 11 16 15 6 6 19 11 10 6 13 18 19 6 12 1 2 6 15 15 19 11 4 7 5 16
error_76 -> 148: 19 16 13 19 6 6 13 18 19 6 11 19 16 6 6 13 7 13 19 6 6 13 7 13 19 6 19 11 5 11 19 6 13 19 11 16 5 16 13 19 6 19 19 2 11 12 6 13 7 13 19 11 12 2 5 11 16 5 16 13 19 11 12 2 5 11 12 2 5 6 6 13 18 19 11 16 15 6 6 6 13 7 13 19 11 16 5 16 13 19 11 16 15 12 12 2 5 11 12 2 5 11 16 5 16 13 19 6 12 17 19 12 5 17 6 13 18 19 11 16 15 6 11 16 15 6 6 19 11 10 6 13 18 19 6 12 1 2 6 15 15 19 11 4 7 5 10 6
error_78 -> 150: 19 16 13 19 6 6 13 18 19 6 11 19 16 6 6 13 7 13 19 6 6 13 7 13 19 6 19 11 5 11 19 6 13 19 11 16 5 16 13 19 6 19 19 2 11 12 6 13 7 13 19 11 12 2 5 11 16 5 16 13 19 11 12 2 5 11 12 2 5 6 6 13 18 19 11 16 15 6 6 6 13 7 13 19 11 16 5 16 13 19 11 16 15 12 12 2 5 11 12 2 5 11 16 5 16 13 19 6 12 17 19 12 5 17 6 13 18 19 11 16 15 6 11 16 15 6 6 19 11 10 6 13 18 19 6 12 1 2 6 3 3 13 6 5 12 6 3 2 18 17
error_81 -> 3: 19 16 15
error_83 -> 139: 19 16 13 19 6 6 13 18 19 6 11 19 16 6 6 13 7 13 19 6 6 13 7 13 19 6 19 11 5 11 19 6 13 19 11 16 5 16 13 19 6 19 19 2 11 12 6 13 7 13 19 11 12 2 5 11 16 5 16 13 19 11 12 2 5 11 12 2 5 6 6 13 18 19 11 16 15 6 6 6 13 7 13 19 11 16 5 16 13 19 11 16 15 12 12 2 5 11 12 2 5 11 16 5 16 13 19 6 12 17 19 12 5 17 6 13 18 19 11 16 15 6 11 16 15 6 6 19 11 10 6 13 18 19 6 12 17 19 9
error_93 -> 11: 19 16 13 19 6 6 13 18 19 11 6
error_95 -> 10: 16 13 2 3 15 18 19 2 6 11
error_99 -> 149: 19 16 13 19 6 6 13 18 19 6 11 19 16 6 6 13 7 13 19 6 6 13 7 13 19 6 19 11 5 11 19 6 13 19 11 16 5 16 13 19 6 19 19 2 11 12 6 13 7 13 19 11 12 2 5 11 16 5 16 13 19 11 12 2 5 11 12 2 5 6 6 13 18 19 11 16 15 6 6 6 13 7 13 19 11 16 5 16 13 19 11 16 15 12 12 2 5 11 12 2 5 11 16 5 16 13 19 6 12 17 19 12 5 17 6 13 18 19 11 16 15 6 11 16 15 6 6 19 11 10 6 13 18 19 6 12 1 2 6 3 3 13 6 5 12 6 6 6 9
