error_3 -> 3: 16 3 20
error_11 -> 4: 19 16 13 17
error_24 -> 4: 16 3 1 9
error_25 -> 33: 19 16 13 19 11 16 15 12 12 2 17 19 11 16 5 16 13 19 6 11 19 6 13 19 11 16 15 6 6 12 5 17 1
error_28 -> 98: 19 16 13 19 6 19 11 5 6 13 7 13 19 6 19 17 7 19 5 11 2 11 11 11 2 2 11 11 2 2 11 2 2 11 6 19 11 12 2 5 11 12 2 17 19 6 19 19 8 13 19 6 11 19 16 6 19 19 2 19 2 17 8 19 6 6 13 7 13 19 11 16 15 6 6 19 11 5 6 13 7 13 19 11 16 5 16 13 19 6 19 19 6 6 6 13 7 4
error_38 -> 14: 19 16 13 19 11 16 15 12 12 2 17 19 11 5
error_81 -> 3: 19 16 15
error_83 -> 42: 19 16 13 19 11 16 15 12 12 2 17 19 11 16 5 16 13 19 6 11 19 6 13 19 11 16 15 6 6 12 5 17 12 17 16 13 19 6 12 17 19 9
error_93 -> 14: 19 16 13 19 11 16 15 12 12 2 17 19 11 6
error_95 -> 3: 16 13 11
