error_15 -> 12: 4 16 16 16 17 16 19 1 16 19 20 1
error_16 -> 4: 4 10 3 18
error_23 -> 36: 4 16 16 16 17 16 19 1 16 19 20 16 9 2 19 16 17 16 17 16 17 16 19 16 9 12 17 16 17 16 17 16 19 1 20 3
error_26 -> 4: 10 18 20 4
error_40 -> 11: 10 18 20 17 3 19 20 17 10 13 5
error_42 -> 4: 4 16 16 15
error_45 -> 4: 4 16 12 15
error_49 -> 8: 4 16 12 19 16 17 14 1
error_63 -> 8: 10 18 20 17 19 14 7 10
error_65 -> 3: 10 18 9
error_67 -> 5: 10 18 20 17 2
error_73 -> 135: 4 10 1 1 13 19 12 18 3 13 16 18 10 18 18 12 16 19 1 16 19 20 16 17 16 19 16 17 16 17 16 9 2 9 1 17 16 17 16 9 1 19 20 16 19 16 17 16 19 20 16 17 16 17 16 19 16 19 20 13 16 18 12 16 13 10 12 13 12 17 16 6 16 17 16 17 16 9 2 19 20 13 16 18 12 16 16 17 16 19 1 20 16 9 2 19 20 13 10 18 18 18 18 18 12 16 19 1 1 20 16 17 16 9 12 17 16 9 20 13 12 17 12 17 10 12 16 17 16 19 16 9 20 13 5
error_78 -> 3: 4 5 6
error_82 -> 9: 10 18 20 17 3 12 6 14 18
error_91 -> 5: 4 16 12 7 7
error_93 -> 4: 4 16 16 20
error_95 -> 3: 4 10 10
