error_5 -> 34: 5 5 3 5 5 5 3 5 3 2 2 2 2 2 2 2 3 2 5 3 5 2 5 2 2 5 2 2 5 5 5 5 2 5
error_6 -> 12: 5 5 2 2 3 5 3 5 5 3 5 1
error_11 -> 10: 5 5 3 5 3 3 3 5 2 2
error_12 -> 81: 5 5 2 5 5 3 5 3 5 2 5 5 3 3 3 2 3 5 5 2 2 5 3 2 5 3 5 2 2 2 3 5 5 5 2 5 5 3 2 2 5 3 5 2 2 3 5 3 2 3 2 3 2 3 2 3 5 2 5 2 2 5 3 5 5 5 2 3 5 2 2 5 3 5 3 3 3 5 3 2 1
error_25 -> 11: 5 5 3 5 2 5 5 3 5 5 4
error_26 -> 11: 5 5 3 5 2 5 2 5 5 5 3
error_31 -> 135: 5 5 5 5 5 2 2 3 5 2 5 5 3 2 2 2 2 3 5 3 2 3 5 5 5 5 3 5 5 5 3 5 2 3 5 2 5 3 5 5 2 2 5 2 2 2 2 3 5 3 2 2 2 5 3 5 2 5 5 2 2 2 3 5 3 3 5 2 5 2 5 3 5 5 5 2 5 2 2 5 3 5 3 2 2 5 2 2 5 3 3 2 3 5 2 2 5 5 2 3 5 2 2 2 5 5 5 2 2 2 2 5 2 5 3 3 2 3 5 2 5 3 5 5 2 2 5 2 5 3 5 3 5 3 5
error_32 -> 5: 5 5 5 2 4
error_38 -> 34: 5 5 3 5 5 3 3 5 3 2 2 3 3 5 5 3 3 5 5 3 2 5 5 3 2 3 2 2 2 5 3 2 2 1
error_39 -> 65: 5 5 2 5 2 5 2 3 2 3 5 5 2 2 2 5 3 2 2 3 5 2 5 2 3 3 5 2 3 5 2 2 2 2 2 5 3 5 2 5 2 5 2 2 2 3 5 2 3 3 3 2 2 2 3 2 5 3 5 2 2 3 5 3 4
error_40 -> 76: 5 5 5 2 3 2 3 5 5 5 5 5 3 5 3 3 5 5 5 3 5 5 5 2 2 5 3 5 3 3 5 3 5 3 2 3 2 2 5 3 2 2 2 5 3 5 2 3 2 3 5 2 2 2 5 2 2 3 5 3 2 3 5 5 3 5 5 2 5 2 2 5 3 2 5 1
error_42 -> 30: 5 5 5 5 5 2 2 3 5 2 5 5 3 2 2 2 2 3 5 3 2 3 5 5 5 5 3 5 5 1
error_49 -> 102: 5 5 2 5 2 5 2 3 2 3 5 5 2 2 2 5 3 2 2 3 5 2 5 2 3 3 5 2 3 5 2 2 2 2 2 5 3 5 2 5 2 5 2 2 2 3 5 2 3 3 3 2 2 2 3 2 5 3 5 2 2 3 5 3 2 3 5 2 2 5 2 5 2 3 5 2 3 5 5 2 5 5 2 2 2 2 3 5 2 5 2 3 5 2 2 2 5 2 5 2 2 4
error_52 -> 8: 5 5 2 2 3 5 3 3
error_53 -> 113: 5 5 2 5 2 5 2 3 2 3 5 5 2 2 2 5 3 2 2 3 5 2 5 2 3 3 5 2 3 5 2 2 2 2 2 5 3 5 2 5 2 5 2 2 2 3 5 2 3 3 3 2 2 2 3 2 5 3 5 2 2 3 5 3 2 3 5 2 2 5 2 5 2 3 5 2 3 5 5 2 5 5 2 2 2 2 3 5 2 5 2 3 5 2 2 2 5 2 5 2 2 5 5 2 5 5 3 3 3 5 5 3 3
error_62 -> 119: 5 5 3 5 2 5 5 3 5 5 2 2 2 2 5 5 2 3 2 3 5 2 5 3 5 5 2 2 5 5 2 3 2 3 2 3 2 3 2 3 5 2 5 5 2 3 2 3 2 3 5 5 5 5 2 5 2 2 3 5 2 5 5 3 3 2 5 3 3 2 5 3 2 2 2 3 5 2 2 2 2 2 3 5 3 5 2 5 3 2 2 2 2 3 5 2 2 3 5 2 2 2 2 3 5 3 3 2 3 2 3 2 3 2 3 2 3 5 1
error_63 -> 131: 5 5 2 2 3 5 3 2 3 2 3 2 3 5 5 2 5 3 5 3 5 3 3 3 5 2 3 2 3 5 5 3 5 5 2 2 2 2 2 5 2 2 2 5 3 2 5 5 5 5 2 3 2 3 5 2 2 2 5 5 5 5 3 5 5 2 5 3 5 2 5 2 5 2 2 3 5 2 5 2 2 2 5 3 2 2 3 2 2 5 5 3 5 3 3 2 3 5 5 3 5 3 3 5 2 3 5 2 5 2 2 3 5 2 2 2 5 3 2 2 5 3 2 2 2 5 3 3 5 3 4
error_76 -> 3: 5 5 4
error_85 -> 4: 5 5 3 1
error_91 -> 5: 5 5 5 2 2
error_93 -> 5: 5 5 2 5 1
error_98 -> 8: 5 5 2 2 3 5 2 1
