error_11 -> 4: 19 16 13 17
error_20 -> 145: 19 16 13 19 6 19 5 6 19 11 12 2 17 19 11 12 2 17 19 11 12 2 5 11 12 2 5 11 16 15 6 6 19 17 10 19 6 6 13 18 19 6 11 11 7 11 7 19 6 13 19 6 6 13 7 13 19 11 12 2 17 19 6 11 19 16 11 16 15 6 11 12 2 5 6 12 5 3 13 19 6 19 5 2 11 2 6 19 11 16 15 12 16 15 6 6 11 19 16 11 16 5 16 13 19 6 6 13 18 19 6 19 11 12 11 11 16 19 11 12 12 17 16 13 19 11 16 15 12 16 15 6 6 12 1 2 6 15 15 19 11 8 4 2 12
error_28 -> 145: 19 16 13 19 6 19 5 6 19 11 12 2 17 19 11 12 2 17 19 11 12 2 5 11 12 2 5 11 16 15 6 6 19 17 10 19 6 6 13 18 19 6 11 11 7 11 7 19 6 13 19 6 6 13 7 13 19 11 12 2 17 19 6 11 19 16 11 16 15 6 11 12 2 5 6 12 5 3 13 19 6 19 5 2 11 2 6 19 11 16 15 12 16 15 6 6 11 19 16 11 16 5 16 13 19 6 6 13 18 19 6 19 11 12 11 11 16 19 11 12 12 17 16 13 19 11 16 15 12 16 15 6 6 19 19 2 19 2 19 2 19 2 19 8 4
error_38 -> 11: 19 16 13 19 6 19 5 6 19 11 5
error_46 -> 147: 19 16 13 19 6 19 5 6 19 11 12 2 17 19 11 12 2 17 19 11 12 2 5 11 12 2 5 11 16 15 6 6 19 17 10 19 6 6 13 18 19 6 11 11 7 11 7 19 6 13 19 6 6 13 7 13 19 11 12 2 17 19 6 11 19 16 11 16 15 6 11 12 2 5 6 12 5 3 13 19 6 19 5 2 11 2 6 19 11 16 15 12 16 15 6 6 11 19 16 11 16 5 16 13 19 6 6 13 18 19 6 19 11 12 11 11 16 19 11 12 12 17 16 13 19 11 16 15 12 16 15 6 6 12 1 2 6 3 3 13 6 5 12 6 13 13 11
error_62 -> 4: 16 11 3 11
error_70 -> 145: 19 16 13 19 6 19 5 6 19 11 12 2 17 19 11 12 2 17 19 11 12 2 5 11 12 2 5 11 16 15 6 6 19 17 10 19 6 6 13 18 19 6 11 11 7 11 7 19 6 13 19 6 6 13 7 13 19 11 12 2 17 19 6 11 19 16 11 16 15 6 11 12 2 5 6 12 5 3 13 19 6 19 5 2 11 2 6 19 11 16 15 12 16 15 6 6 11 19 16 11 16 5 16 13 19 6 6 13 18 19 6 19 11 12 11 11 16 19 11 12 12 17 16 13 19 11 16 15 12 16 15 6 6 12 1 2 6 15 15 19 11 4 7 5 16
error_76 -> 146: 19 16 13 19 6 19 5 6 19 11 12 2 17 19 11 12 2 17 19 11 12 2 5 11 12 2 5 11 16 15 6 6 19 17 10 19 6 6 13 18 19 6 11 11 7 11 7 19 6 13 19 6 6 13 7 13 19 11 12 2 17 19 6 11 19 16 11 16 15 6 11 12 2 5 6 12 5 3 13 19 6 19 5 2 11 2 6 19 11 16 15 12 16 15 6 6 11 19 16 11 16 5 16 13 19 6 6 13 18 19 6 19 11 12 11 11 16 19 11 12 12 17 16 13 19 11 16 15 12 16 15 6 6 12 1 2 6 15 15 19 11 4 7 5 10 6
error_78 -> 148: 19 16 13 19 6 19 5 6 19 11 12 2 17 19 11 12 2 17 19 11 12 2 5 11 12 2 5 11 16 15 6 6 19 17 10 19 6 6 13 18 19 6 11 11 7 11 7 19 6 13 19 6 6 13 7 13 19 11 12 2 17 19 6 11 19 16 11 16 15 6 11 12 2 5 6 12 5 3 13 19 6 19 5 2 11 2 6 19 11 16 15 12 16 15 6 6 11 19 16 11 16 5 16 13 19 6 6 13 18 19 6 19 11 12 11 11 16 19 11 12 12 17 16 13 19 11 16 15 12 16 15 6 6 12 1 2 6 3 3 13 6 5 12 6 13 13 18 17
error_81 -> 3: 19 16 15
error_83 -> 137: 19 16 13 19 6 19 5 6 19 11 12 2 17 19 11 12 2 17 19 11 12 2 5 11 12 2 5 11 16 15 6 6 19 17 10 19 6 6 13 18 19 6 11 11 7 11 7 19 6 13 19 6 6 13 7 13 19 11 12 2 17 19 6 11 19 16 11 16 15 6 11 12 2 5 6 12 5 3 13 19 6 19 5 2 11 2 6 19 11 16 15 12 16 15 6 6 11 19 16 11 16 5 16 13 19 6 6 13 18 19 6 19 11 12 11 11 16 19 11 12 12 17 16 13 19 11 16 15 12 16 15 6 6 12 17 19 9
error_93 -> 6: 19 16 13 19 11 6
error_99 -> 147: 19 16 13 19 6 19 5 6 19 11 12 2 17 19 11 12 2 17 19 11 12 2 5 11 12 2 5 11 16 15 6 6 19 17 10 19 6 6 13 18 19 6 11 11 7 11 7 19 6 13 19 6 6 13 7 13 19 11 12 2 17 19 6 11 19 16 11 16 15 6 11 12 2 5 6 12 5 3 13 19 6 19 5 2 11 2 6 19 11 16 15 12 16 15 6 6 11 19 16 11 16 5 16 13 19 6 6 13 18 19 6 19 11 12 11 11 16 19 11 12 12 17 16 13 19 11 16 15 12 16 15 6 6 12 1 2 6 3 3 13 6 5 12 5 2 18 9
