error_11 -> 4: 19 16 13 17
error_20 -> 147: 19 16 13 19 6 11 11 16 11 19 6 13 19 11 12 2 17 19 6 11 11 7 19 5 11 11 16 6 13 18 19 6 6 13 18 19 11 12 2 5 6 12 5 3 13 19 11 16 5 16 13 19 6 19 17 7 19 11 5 6 13 18 19 11 16 5 16 13 19 6 19 17 8 19 6 19 19 8 13 19 6 12 17 19 19 17 1 11 12 2 17 19 11 12 2 5 11 16 5 16 13 19 6 12 17 19 19 19 7 7 8 13 19 6 12 5 3 13 19 11 12 2 17 19 11 16 15 12 16 15 12 16 15 6 6 12 1 2 6 15 15 19 11 8 4 2 12
error_25 -> 6: 19 16 13 19 6 1
error_28 -> 144: 19 16 13 19 6 11 11 16 11 19 6 13 19 11 12 2 17 19 6 11 11 7 19 5 11 11 16 6 13 18 19 6 6 13 18 19 11 12 2 5 6 12 5 3 13 19 11 16 5 16 13 19 6 19 17 7 19 11 5 6 13 18 19 11 16 5 16 13 19 6 19 17 8 19 6 19 19 8 13 19 6 12 17 19 19 17 1 11 12 2 17 19 11 12 2 5 11 16 5 16 13 19 6 12 17 19 19 19 7 7 8 13 19 6 12 5 3 13 19 11 12 2 17 19 11 16 15 12 16 15 6 6 19 19 2 19 2 19 2 19 2 19 8 4
error_38 -> 65: 19 16 13 19 6 11 11 16 11 19 6 13 19 11 12 2 17 19 6 11 11 7 19 5 11 11 16 6 13 18 19 6 6 13 18 19 11 12 2 5 6 12 5 3 13 19 11 16 5 16 13 19 6 19 17 7 19 11 5 6 13 18 19 11 5
error_46 -> 149: 19 16 13 19 6 11 11 16 11 19 6 13 19 11 12 2 17 19 6 11 11 7 19 5 11 11 16 6 13 18 19 6 6 13 18 19 11 12 2 5 6 12 5 3 13 19 11 16 5 16 13 19 6 19 17 7 19 11 5 6 13 18 19 11 16 5 16 13 19 6 19 17 8 19 6 19 19 8 13 19 6 12 17 19 19 17 1 11 12 2 17 19 11 12 2 5 11 16 5 16 13 19 6 12 17 19 19 19 7 7 8 13 19 6 12 5 3 13 19 11 12 2 17 19 11 16 15 12 16 15 12 16 15 6 6 12 1 2 6 3 3 13 6 5 12 6 15 7 11
error_48 -> 15: 16 13 2 10 10 6 5 16 17 10 6 2 18 2 12
error_62 -> 146: 19 16 13 19 6 11 11 16 11 19 6 13 19 11 12 2 17 19 6 11 11 7 19 5 11 11 16 6 13 18 19 6 6 13 18 19 11 12 2 5 6 12 5 3 13 19 11 16 5 16 13 19 6 19 17 7 19 11 5 6 13 18 19 11 16 5 16 13 19 6 19 17 8 19 6 19 19 8 13 19 6 12 17 19 19 17 1 11 12 2 17 19 11 12 2 5 11 16 5 16 13 19 6 12 17 19 19 19 7 7 8 13 19 6 12 5 3 13 19 11 12 2 17 19 11 16 15 12 16 15 12 16 15 6 6 12 1 2 6 15 15 19 11 4 19 11
error_70 -> 147: 19 16 13 19 6 11 11 16 11 19 6 13 19 11 12 2 17 19 6 11 11 7 19 5 11 11 16 6 13 18 19 6 6 13 18 19 11 12 2 5 6 12 5 3 13 19 11 16 5 16 13 19 6 19 17 7 19 11 5 6 13 18 19 11 16 5 16 13 19 6 19 17 8 19 6 19 19 8 13 19 6 12 17 19 19 17 1 11 12 2 17 19 11 12 2 5 11 16 5 16 13 19 6 12 17 19 19 19 7 7 8 13 19 6 12 5 3 13 19 11 12 2 17 19 11 16 15 12 16 15 12 16 15 6 6 12 1 2 6 15 15 19 11 4 16 5 16
error_76 -> 148: 19 16 13 19 6 11 11 16 11 19 6 13 19 11 12 2 17 19 6 11 11 7 19 5 11 11 16 6 13 18 19 6 6 13 18 19 11 12 2 5 6 12 5 3 13 19 11 16 5 16 13 19 6 19 17 7 19 11 5 6 13 18 19 11 16 5 16 13 19 6 19 17 8 19 6 19 19 8 13 19 6 12 17 19 19 17 1 11 12 2 17 19 11 12 2 5 11 16 5 16 13 19 6 12 17 19 19 19 7 7 8 13 19 6 12 5 3 13 19 11 12 2 17 19 11 16 15 12 16 15 12 16 15 6 6 12 1 2 6 15 15 19 11 4 16 5 10 6
error_78 -> 150: 19 16 13 19 6 11 11 16 11 19 6 13 19 11 12 2 17 19 6 11 11 7 19 5 11 11 16 6 13 18 19 6 6 13 18 19 11 12 2 5 6 12 5 3 13 19 11 16 5 16 13 19 6 19 17 7 19 11 5 6 13 18 19 11 16 5 16 13 19 6 19 17 8 19 6 19 19 8 13 19 6 12 17 19 19 17 1 11 12 2 17 19 11 12 2 5 11 16 5 16 13 19 6 12 17 19 19 19 7 7 8 13 19 6 12 5 3 13 19 11 12 2 17 19 11 16 15 12 16 15 12 16 15 6 6 12 1 2 6 3 3 13 6 5 12 6 15 7 18 17
error_81 -> 3: 19 16 15
error_83 -> 136: 19 16 13 19 6 11 11 16 11 19 6 13 19 11 12 2 17 19 6 11 11 7 19 5 11 11 16 6 13 18 19 6 6 13 18 19 11 12 2 5 6 12 5 3 13 19 11 16 5 16 13 19 6 19 17 7 19 11 5 6 13 18 19 11 16 5 16 13 19 6 19 17 8 19 6 19 19 8 13 19 6 12 17 19 19 17 1 11 12 2 17 19 11 12 2 5 11 16 5 16 13 19 6 12 17 19 19 19 7 7 8 13 19 6 12 5 3 13 19 11 12 2 17 19 11 16 15 12 16 15 12 16 15 6 6 9
error_93 -> 30: 19 16 13 19 6 12 5 17 12 1 2 14 19 11 16 5 16 13 19 6 19 11 12 11 19 6 13 19 11 6
error_95 -> 3: 16 13 11
error_99 -> 149: 19 16 13 19 6 11 11 16 11 19 6 13 19 11 12 2 17 19 6 11 11 7 19 5 11 11 16 6 13 18 19 6 6 13 18 19 11 12 2 5 6 12 5 3 13 19 11 16 5 16 13 19 6 19 17 7 19 11 5 6 13 18 19 11 16 5 16 13 19 6 19 17 8 19 6 19 19 8 13 19 6 12 17 19 19 17 1 11 12 2 17 19 11 12 2 5 11 16 5 16 13 19 6 12 17 19 19 19 7 7 8 13 19 6 12 5 3 13 19 11 12 2 17 19 11 16 15 12 16 15 12 16 15 6 6 12 1 2 6 3 3 13 6 5 12 5 2 12 9
