error_1 -> 3: 10 18 2
error_4 -> 149: 10 18 17 1 10 14 3 8 12 10 13 10 13 16 13 13 15 15 12 7 16 8 9 9 12 16 14 12 16 14 10 14 14 6 10 14 14 14 14 6 12 6 14 14 14 19 20 5 3 1 13 8 5 5 9 10 3 17 16 14 6 10 3 14 3 13 14 12 9 14 12 6 19 6 4 8 2 20 20 9 3 13 14 12 18 9 15 3 16 2 6 13 15 15 12 7 8 18 15 10 2 14 6 18 6 18 6 18 6 18 6 18 15 18 3 17 9 19 9 7 20 14 18 6 18 6 18 6 18 15 10 9 13 12 15 20 15 12 7 16 8 9 3 13 14 12 9 10 16
error_10 -> 100: 17 15 14 16 3 3 7 14 13 14 12 18 16 15 20 2 5 5 9 10 6 1 18 8 12 5 5 9 10 18 9 20 2 18 9 14 4 10 19 9 20 19 9 20 19 9 20 19 9 14 2 2 14 4 10 19 9 14 4 10 19 9 20 19 9 20 2 6 1 18 9 15 3 9 15 20 5 13 16 13 13 5 13 16 13 13 5 12 5 17 15 12 5 17 15 13 16 1 12 19
error_12 -> 3: 3 14 13
error_15 -> 140: 10 18 17 1 10 14 3 8 12 10 13 10 13 16 13 13 15 15 12 7 16 8 9 9 12 16 14 12 16 14 10 14 14 6 10 14 14 14 14 6 12 6 14 14 14 19 20 5 3 1 13 8 5 5 9 10 3 17 16 14 6 10 3 14 3 13 14 12 9 14 12 6 19 6 4 8 2 20 20 9 3 13 14 12 18 9 15 3 16 2 6 13 15 15 12 7 8 18 15 10 2 14 6 18 6 18 6 18 6 18 6 18 15 18 3 17 9 19 9 7 20 14 18 6 18 6 18 6 18 15 10 9 13 12 15 9 2 6 13 17
error_18 -> 149: 10 18 17 1 10 14 3 8 12 10 13 10 13 16 13 13 15 15 12 7 16 8 9 9 12 16 14 12 16 14 10 14 14 6 10 14 14 14 14 6 12 6 14 14 14 19 20 5 3 1 13 8 5 5 9 10 3 17 16 14 6 10 3 14 3 13 14 12 9 14 12 6 19 6 4 8 2 20 20 9 3 13 14 12 18 9 15 3 16 2 6 13 15 15 12 7 8 18 15 10 2 14 6 18 6 18 6 18 6 18 6 18 15 18 3 17 9 19 9 7 20 14 18 6 18 6 18 6 18 15 10 10 13 20 4 6 9 8 9 1 10 6 1 18 9 2 6 13 6
error_20 -> 3: 17 15 11
error_32 -> 147: 10 18 17 1 10 14 3 8 12 10 13 10 13 16 13 13 15 15 12 7 16 8 9 9 12 16 14 12 16 14 10 14 14 6 10 14 14 14 14 6 12 6 14 14 14 19 20 5 3 1 13 8 5 5 9 10 3 17 16 14 6 10 3 14 3 13 14 12 9 14 12 6 19 6 4 8 2 20 20 9 3 13 14 12 18 9 15 3 16 2 6 13 15 15 12 7 8 18 15 10 2 14 6 18 6 18 6 18 6 18 6 18 15 18 3 17 9 19 9 7 20 14 18 6 18 6 18 6 18 15 10 9 13 12 15 9 2 6 13 5 6 3 19 2 6 18 15
error_34 -> 147: 10 18 17 1 10 14 3 8 12 10 13 10 13 16 13 13 15 15 12 7 16 8 9 9 12 16 14 12 16 14 10 14 14 6 10 14 14 14 14 6 12 6 14 14 14 19 20 5 3 1 13 8 5 5 9 10 3 17 16 14 6 10 3 14 3 13 14 12 9 14 12 6 19 6 4 8 2 20 20 9 3 13 14 12 18 9 15 3 16 2 6 13 15 15 12 7 8 18 15 10 2 14 6 18 6 18 6 18 6 18 6 18 15 18 3 17 9 19 9 7 20 14 18 6 18 6 18 6 18 15 10 9 13 12 15 9 2 6 13 5 6 3 19 2 6 2 7
error_35 -> 147: 10 18 17 1 10 14 3 8 12 10 13 10 13 16 13 13 15 15 12 7 16 8 9 9 12 16 14 12 16 14 10 14 14 6 10 14 14 14 14 6 12 6 14 14 14 19 20 5 3 1 13 8 5 5 9 10 3 17 16 14 6 10 3 14 3 13 14 12 9 14 12 6 19 6 4 8 2 20 20 9 3 13 14 12 18 9 15 3 16 2 6 13 15 15 12 7 8 18 15 10 2 14 6 18 6 18 6 18 6 18 6 18 15 18 3 17 9 19 9 7 20 14 18 6 18 6 18 6 18 15 10 9 13 12 15 9 2 6 13 5 6 3 19 2 6 6 4
error_65 -> 148: 10 18 17 1 10 14 3 8 12 10 13 10 13 16 13 13 15 15 12 7 16 8 9 9 12 16 14 12 16 14 10 14 14 6 10 14 14 14 14 6 12 6 14 14 14 19 20 5 3 1 13 8 5 5 9 10 3 17 16 14 6 10 3 14 3 13 14 12 9 14 12 6 19 6 4 8 2 20 20 9 3 13 14 12 18 9 15 3 16 2 6 13 15 15 12 7 8 18 15 10 2 14 6 18 6 18 6 18 6 18 6 18 15 18 3 17 9 19 9 7 20 14 18 6 18 6 18 6 18 15 10 9 13 12 15 9 2 6 13 5 6 3 19 2 6 2 9 9
error_67 -> 143: 10 18 17 1 10 14 3 8 12 10 13 10 13 16 13 13 15 15 12 7 16 8 9 9 12 16 14 12 16 14 10 14 14 6 10 14 14 14 14 6 12 6 14 14 14 19 20 5 3 1 13 8 5 5 9 10 3 17 16 14 6 10 3 14 3 13 14 12 9 14 12 6 19 6 4 8 2 20 20 9 3 13 14 12 18 9 15 3 16 2 6 13 15 15 12 7 8 18 15 10 2 14 6 18 6 18 6 18 6 18 6 18 15 18 3 17 9 19 9 7 20 14 18 6 18 6 18 6 18 15 10 9 13 12 15 20 15 12 7 16 8 6 20
error_70 -> 148: 10 18 17 1 10 14 3 8 12 10 13 10 13 16 13 13 15 15 12 7 16 8 9 9 12 16 14 12 16 14 10 14 14 6 10 14 14 14 14 6 12 6 14 14 14 19 20 5 3 1 13 8 5 5 9 10 3 17 16 14 6 10 3 14 3 13 14 12 9 14 12 6 19 6 4 8 2 20 20 9 3 13 14 12 18 9 15 3 16 2 6 13 15 15 12 7 8 18 15 10 2 14 6 18 6 18 6 18 6 18 6 18 15 18 3 17 9 19 9 7 20 14 18 6 18 6 18 6 18 15 10 9 13 12 15 9 2 6 13 5 6 3 19 2 6 2 20 19
error_81 -> 24: 10 18 17 1 10 14 3 8 12 10 13 10 13 16 13 13 15 15 12 7 16 8 9 18
error_86 -> 3: 10 18 6
error_95 -> 148: 10 18 17 1 10 14 3 8 12 10 13 10 13 16 13 13 15 15 12 7 16 8 9 9 12 16 14 12 16 14 10 14 14 6 10 14 14 14 14 6 12 6 14 14 14 19 20 5 3 1 13 8 5 5 9 10 3 17 16 14 6 10 3 14 3 13 14 12 9 14 12 6 19 6 4 8 2 20 20 9 3 13 14 12 18 9 15 3 16 2 6 13 15 15 12 7 8 18 15 10 2 14 6 18 6 18 6 18 6 18 6 18 15 18 3 17 9 19 9 7 20 14 18 6 18 6 18 6 18 15 10 9 13 12 15 9 2 6 13 5 6 3 19 2 6 2 1 13
