# input length = 20, runtime = 00:02:01
error_5 -> 11: 5 5 2 5 2 2 5 2 5 2 5 
error_6 -> 9: 5 5 2 5 3 5 3 5 1 
error_11 -> 6: 5 5 3 5 2 2 
error_25 -> 6: 5 5 3 5 5 4 
error_26 -> 8: 5 5 5 5 5 5 5 3 
error_32 -> 5: 5 5 5 2 4 
error_38 -> 9: 5 5 2 5 3 5 2 2 1 
error_39 -> 20: 5 5 2 2 3 5 2 2 3 5 2 2 3 5 2 2 3 5 3 4 
error_40 -> 11: 5 5 2 2 2 5 3 2 2 5 1 
error_42 -> 10: 5 5 2 5 3 5 3 5 5 1 
error_52 -> 7: 5 5 2 5 2 5 3 
error_53 -> 19: 5 5 2 5 2 2 5 2 2 5 2 2 5 2 5 5 5 3 3 
error_62 -> 14: 5 5 2 5 5 3 5 3 5 3 2 5 5 1 
error_63 -> 16: 5 5 2 2 2 5 3 2 2 2 5 3 3 5 3 4 
error_76 -> 3: 5 5 4 
error_85 -> 4: 5 5 3 1 
error_91 -> 5: 5 5 5 2 2 
error_93 -> 5: 5 5 2 5 1 
error_98 -> 7: 5 5 2 2 2 3 1 
